NUMPOLLIES 6

SHAPE 4
-3.32 2.43 -6.56 0.0 0.0
0.15 2.43 -6.56 0.0 1.0
0.16 2.43 -10.00 1.0 1.0
-3.33 2.43 -10.00 1.0 0.0
top.png

SHAPE 4
0.16 2.43 -2.08 0.0 0.0
0.16 -0.44 -2.08 0.0 1.0
0.16 -0.44 -10.00 1.0 1.0
0.16 2.43 -10.00 1.0 0.0
right.png

SHAPE 4
-3.33 -0.44 -0.67 0.0 0.0
0.16 -0.44 -0.67 0.0 1.0
0.16 -0.44 -10.00 1.0 1.0
-3.33 -0.44 -10.00 1.0 0.0
bottom.png

SHAPE 4
-3.33 2.43 -1.51 0.0 0.0
-3.33 -0.44 -1.51 0.0 1.0
-3.33 -0.44 -10.00 1.0 1.0
-3.33 2.43 -10.00 1.0 0.0
left.png

SHAPE 4
-1.01 0.09 -0.67 0.0 0.0
-1.01 -0.44 -0.67 0.0 1.0
-0.11 -0.44 -0.67 1.0 1.0
-0.11 0.09 -0.67 1.0 0.0
billboard2.png

SHAPE 4
-3.33 2.43 -10.00 0.0 0.0
-3.33 -0.44 -10.00 0.0 1.0
0.16 -0.44 -10.00 1.0 1.0
0.16 2.43 -10.00 1.0 0.0
back.png





