NUMPOLLIES 6

SHAPE 4
-2.17 1.26 -4.40 0.0 0.0
2.67 1.26 -4.40 0.0 1.0
2.67 1.26 -10.00 1.0 1.0
-2.17 1.26 -10.00 1.0 0.0
top.jpg

SHAPE 4
2.67 1.25 -4.34 0.0 0.0
2.67 -1.79 -4.34 0.0 1.0
2.67 -1.79 -10.00 1.0 1.0
2.67 1.26 -10.00 1.0 0.0
right.jpg

SHAPE 4
-2.17 -1.79 -3.32 0.0 0.0
2.67 -1.79 -3.32 0.0 1.0
2.67 -1.79 -10.00 1.0 1.0
-2.17 -1.79 -10.00 1.0 0.0
bottom.jpg

SHAPE 4
-2.17 1.26 -4.51 0.0 0.0
-2.17 -1.78 -4.51 0.0 1.0
-2.17 -1.79 -10.00 1.0 1.0
-2.17 1.26 -10.00 1.0 0.0
left.jpg

SHAPE 4
-0.43 0.30 -4.27 0.0 0.0
-0.43 -1.79 -4.27 0.0 1.0
0.45 -1.79 -4.27 1.0 1.0
0.45 0.30 -4.27 1.0 0.0
billboard0.jpg

SHAPE 4
-2.17 1.26 -10.00 0.0 0.0
-2.17 -1.79 -10.00 0.0 1.0
2.67 -1.79 -10.00 1.0 1.0
2.67 1.26 -10.00 1.0 0.0
back.jpg



